Timings: 

With dictionary:
M: 0.764999
FM: 31.45500

With nested lists:
M:0.595999
FM:31.19300

Without tuples:
M:0.642999
FM:24.05999

xrange to loop:
M:0.626000
FM:23.42899